initial: 6
0.00000 0.10326 0.09662 0.21030 0.00000 0.58982

transition: 6
0.20264 0.20302 0.59422 0.00000 0.00011 0.00000
0.01061 0.28724 0.51316 0.00015 0.00002 0.18882
0.49571 0.00569 0.19677 0.30183 0.00000 0.00000
0.20047 0.00009 0.00103 0.59881 0.00000 0.19960
0.00000 0.10190 0.00000 0.00000 0.50252 0.39558
0.39790 0.00001 0.00000 0.00000 0.30285 0.29924

observation: 6
0.49530 0.69955 0.30213 0.10048 0.00000 0.09942
0.00173 0.00147 0.39947 0.09933 0.10309 0.09592
0.00000 0.29848 0.20015 0.19645 0.09842 0.30147
0.50297 0.00050 0.09811 0.00000 0.00317 0.40218
0.00000 0.00000 0.00013 0.60374 0.00205 0.10101
0.00000 0.00000 0.00000 0.00000 0.79327 0.00000
