initial: 6
0.71956 0.00052 0.09169 0.18823 0.00000 0.00000

transition: 6
0.30885 0.00092 0.49347 0.00014 0.00000 0.19663
0.00091 0.20035 0.79804 0.00070 0.00000 0.00000
0.00024 0.49916 0.20173 0.29887 0.00000 0.00000
0.00000 0.20165 0.00001 0.59784 0.00000 0.20050
0.10495 0.00000 0.00000 0.00000 0.49784 0.39721
0.00002 0.39443 0.00000 0.00000 0.30064 0.30491

observation: 6
0.99544 0.49861 0.29766 0.09836 0.00026 0.09896
0.00248 0.00005 0.39983 0.09976 0.10419 0.09743
0.00208 0.00188 0.20098 0.80188 0.09080 0.30888
0.00000 0.49937 0.10149 0.00000 0.00413 0.39586
0.00000 0.00008 0.00004 0.00000 0.00225 0.09887
0.00000 0.00000 0.00000 0.00000 0.79836 0.00000
