initial: 6
0.71807 0.00252 0.09189 0.18753 0.00000 0.00000

transition: 6
0.29587 0.00810 0.50619 0.00037 0.00000 0.18947
0.19896 0.20132 0.59936 0.00001 0.00035 0.00001
0.00261 0.49636 0.20114 0.29987 0.00000 0.00002
0.00002 0.20200 0.00056 0.59749 0.00000 0.19993
0.10738 0.00000 0.00000 0.00000 0.50031 0.39231
0.00020 0.39454 0.00000 0.00000 0.30408 0.30119

observation: 6
0.69589 0.49817 0.30236 0.10015 0.00004 0.09745
0.00120 0.00060 0.39840 0.09931 0.10282 0.09741
0.30290 0.00015 0.20040 0.19621 0.09771 0.30224
0.00000 0.50108 0.09875 0.00000 0.00092 0.40381
0.00000 0.00000 0.00009 0.60433 0.00288 0.09909
0.00000 0.00000 0.00000 0.00000 0.79562 0.00000
